1302313
633491
592546
1352895
1322626
1255774
564935
1320990
870902
1534506
515643
598160
1107552
445170
763788
1198325
817453
88694
1636456
1558061
1522075
467695
1156062
45380
1163805
738127
1582504
1009255
66615
344917
1673237
353941
1614935
50059
1370138
1109909
1032906
1068249
842485
1242580
1309802
1109184
1303586
988985
1239575
1443070
1142164
1446880
1168306
560171
445078
1343921
494232
1034251
32543
957302
1300269
1339297
1126847
1278648
1033471
365185
1202146
1648437
24405
1341857
727291
723643
85294
1381310
1222311
1889106
1138332
1461581
1233113
1337759
1319920
468296
